0 2
1 15
2 28
3 41
4 54
5 67
6 80
7 93
8 106
9 119
10 132
11 145
12 158
13 171
14 184
15 197
16 210
17 223
18 236
19 249
20 262
21 275
22 288
23 301
24 314
25 327
26 340
27 353
28 366
29 379
30 392
31 405
32 418
33 431
34 444
35 457
36 470
37 483
38 496
39 509
40 522
41 535
42 548
43 561
44 574
45 587
46 600
47 613
48 626
49 639
50 652
51 665
52 678
53 691
54 704
55 717
56 730
57 743
58 756
59 769
60 782
61 795
62 808
63 821
64 834
65 847
66 860
67 873
68 886
69 899
70 912
71 925
72 938
73 951
74 964
75 977
76 990
77 1003
78 1016
79 1029
80 1042
81 1055
82 1068
83 1081
84 1094
85 1107
86 1120
87 1133
88 1146
89 1159
90 1172
91 1185
92 1198
93 1211
94 1224
95 1237
96 1250
97 1263
98 1276
99 1289
100 1302
101 1315
102 1328
103 1341
104 1354
105 1367
106 1380
107 1393
108 1406
109 1419
110 1432
111 1445
112 1458
113 1471
114 1484
115 1497
116 1510
117 1523
118 1536
119 1549
120 1562
121 1575
122 1588
123 1601
124 1614
125 1627
126 1640
127 1653
128 1666
129 1679
130 1692
131 1705
132 1718
133 1731
134 1744
135 1757
136 1770
137 1783
138 1796
139 1809
140 1822
141 1835
142 1848
143 1861
144 1874
145 1887
146 1900
147 1913
148 1926
149 1939
150 1952
151 1965
152 1978
153 1991
154 2004
155 2017
156 2030
157 2043
158 2056
159 2069
160 2082
161 2095
162 2108
163 2121
164 2134
165 2147
166 2160
167 2173
168 2186
169 2199
170 2212
171 2225
172 2238
173 2251
174 2264
175 2277
176 2290
177 2303
178 2316
179 2329
180 2342
181 2355
182 2368
183 2381
184 2394
185 2407
186 2420
187 2433
188 2446
189 2459
190 2472
191 2485
192 2498
193 2511
194 2524
195 2537
196 2550
197 2563
198 2576
199 2589
200 2602
201 2615
202 2628
203 2641
204 2654
205 2667
206 2680
207 2693
208 2706
209 2719
210 2732
211 2745
212 2758
213 2771
214 2784
215 2797
216 2810
217 2823
218 2836
219 2849
220 2862
221 2875
222 2888
223 2901
224 2914
225 2927
226 2940
227 2953
228 2966
229 2979
230 2992
231 3005
232 3018
233 3031
234 3044
235 3057
236 3070
237 3083
238 3096
239 3109
240 3122
241 3135
242 3148
243 3161
244 3174
245 3187
246 3200
247 3213
248 3226
249 3239
250 3252
251 3265
252 3278
253 3291
254 3304
255 3317
256 3330
257 3343
258 3356
259 3369
260 3382
261 3395
262 3408
263 3421
264 3434
265 3447
266 3460
267 3473
268 3486
269 3499
270 3512
271 3525
272 3538
273 3551
274 3564
275 3577
276 3590
277 3603
278 3616
279 3629
280 3642
281 3655
282 3668
283 3681
284 3694
285 3707
286 3720
287 3733
288 3746
289 3759
290 3772
291 3785
292 3798
293 3811
294 3824
295 3837
296 3850
297 3863
298 3876
299 3889
300 3902
301 3915
302 3928
303 3941
304 3954
305 3967
306 3980
307 3993
308 4006
309 4019
310 4032
311 4045
312 4058
313 4071
314 4084
315 4097
316 4110
317 4123
318 4136
319 4149
320 4162
321 4175
322 4188
323 4201
324 4214
325 4227
326 4240
327 4253
328 4266
329 4279
330 4292
331 4305
332 4318
333 4331
334 4344
335 4357
336 4370
337 4383
338 4396
339 4409
340 4422
341 4435
342 4448
343 4461
344 4474
345 4487
346 4500
347 4513
348 4526
349 4539
350 4552
351 4565
352 4578
353 4591
354 4604
355 4617
356 4630
357 4643
358 4656
359 4669
360 4682
361 4695
362 4708
363 4721
364 4734
365 4747
366 4760
367 4773
368 4786
369 4799
370 4812
371 4825
372 4838
373 4851
374 4864
375 4877
376 4890
377 4903
378 4916
379 4929
380 4942
381 4955
382 4968
383 4981
384 4994
385 5007
386 5020
387 5033
388 5046
389 5059
390 5072
391 5085
392 5098
393 5111
394 5124
395 5137
396 5150
397 5163
398 5176
399 5189
400 5202
401 5215
402 5228
403 5241
404 5254
405 5267
406 5280
407 5293
408 5306
409 5319
410 5332
411 5345
412 5358
413 5371
414 5384
415 5397
416 5410
417 5423
418 5436
419 5449
420 5462
421 5475
422 5488
423 5501
424 5514
425 5527
426 5540
427 5553
428 5566
429 5579
430 5592
431 5605
432 5618
433 5631
434 5644
435 5657
436 5670
437 5683
438 5696
439 5709
440 5722
441 5735
442 5748
443 5761
444 5774
445 5787
446 5800
447 5813
448 5826
449 5839
450 5852
451 5865
452 5878
453 5891
454 5904
455 5917
456 5930
457 5943
458 5956
459 5969
460 5982
461 5995
462 6008
463 6021
464 6034
465 6047
466 6060
467 6073
468 6086
469 6099
470 6112
471 6125
472 6138
473 6151
474 6164
475 6177
476 6190
477 6203
478 6216
479 6229
480 6242
481 6255
482 6268
483 6281
484 6294
485 6307
486 6320
487 6333
488 6346
489 6359
490 6372
491 6385
492 6398
493 6411
494 6424
495 6437
496 6450
497 6463
498 6476
499 6489
500 6502
501 6515
502 6528
503 6541
504 6554
505 6567
506 6580
507 6593
508 6606
509 6619
510 6632
511 6645
512 6658
513 6671
514 6684
515 6697
516 6710
517 6723
518 6736
519 6749
520 6762
521 6775
522 6788
523 6801
524 6814
525 6827
526 6840
527 6853
528 6866
529 6879
530 6892
531 6905
532 6918
533 6931
534 6944
535 6957
536 6970
537 6983
538 6996
539 7009
540 7022
541 7035
542 7048
543 7061
544 7074
545 7087
546 7100
547 7113
548 7126
549 7139
550 7152
551 7165
552 7178
553 7191
554 7204
555 7217
556 7230
557 7243
558 7256
559 7269
560 7282
561 7295
562 7308
563 7321
564 7334
565 7347
566 7360
567 7373
568 7386
569 7399
570 7412
571 7425
572 7438
573 7451
574 7464
575 7477
576 7490
577 7503
578 7516
579 7529
580 7542
581 7555
582 7568
583 7581
584 7594
585 7607
586 7620
587 7633
588 7646
589 7659
590 7672
591 7685
592 7698
593 7711
594 7724
595 7737
596 7750
597 7763
598 7776
599 7789
600 7802
601 7815
602 7828
603 7841
604 7854
605 7867
606 7880
607 7893
608 7906
609 7919
610 7932
611 7945
612 7958
613 7971
614 7984
615 7997
616 8010
617 8023
618 8036
619 8049
620 8062
621 8075
622 8088
623 8101
624 8114
625 8127
626 8140
627 8153
628 8166
629 8179
630 8192
631 8205
632 8218
633 8231
634 8244
635 8257
636 8270
637 8283
638 8296
639 8309
640 8322
641 8335
642 8348
643 8361
644 8374
645 8387
646 8400
647 8413
648 8426
649 8439
650 8452
651 8465
652 8478
653 8491
654 8504
655 8517
656 8530
657 8543
658 8556
659 8569
660 8582
661 8595
662 8608
663 8621
664 8634
665 8647
666 8660
667 8673
668 8686
669 8699
670 8712
671 8725
672 8738
673 8751
674 8764
675 8777
676 8790
677 8803
678 8816
679 8829
680 8842
681 8855
682 8868
683 8881
684 8894
685 8907
686 8920
687 8933
688 8946
689 8959
690 8972
691 8985
692 8998
693 9011
694 9024
695 9037
696 9050
697 9063
698 9076
699 9089
700 9102
701 9115
702 9128
703 9141
704 9154
705 9167
706 9180
707 9193
708 9206
709 9219
710 9232
711 9245
712 9258
713 9271
714 9284
715 9297
716 9310
717 9323
718 9336
719 9349
720 9362
721 9375
722 9388
723 9401
724 9414
725 9427
726 9440
727 9453
728 9466
729 9479
730 9492
731 9505
732 9518
733 9531
734 9544
735 9557
736 9570
737 9583
738 9596
739 9609
740 9622
741 9635
742 9648
743 9661
744 9674
745 9687
746 9700
747 9713
748 9726
749 9739
750 9752
751 9765
752 9778
753 9791
754 9804
755 9817
756 9830
757 9843
758 9856
759 9869
760 9882
761 9895
762 9908
763 9921
764 9934
765 9947
766 9960
767 9973
768 9986
769 9999
770 10012
771 10025
772 10038
773 10051
774 10064
775 10077
776 10090
777 10103
778 10116
779 10129
780 10142
781 10155
782 10168
783 10181
784 10194
785 10207
786 10220
787 10233
788 10246
789 10259
790 10272
791 10285
792 10298
793 10311
794 10324
795 10337
796 10350
797 10363
798 10376
799 10389
800 10402
801 10415
802 10428
803 10441
804 10454
805 10467
806 10480
807 10493
808 10506
809 10519
810 10532
811 10545
812 10558
813 10571
814 10584
815 10597
816 10610
817 10623
818 10636
819 10649
820 10662
821 10675
822 10688
823 10701
824 10714
825 10727
826 10740
827 10753
828 10766
829 10779
830 10792
831 10805
832 10818
833 10831
834 10844
835 10857
836 10870
837 10883
838 10896
839 10909
840 10922
841 10935
842 10948
843 10961
844 10974
845 10987
846 11000
847 11013
848 11026
849 11039
850 11052
851 11065
852 11078
853 11091
854 11104
855 11117
856 11130
857 11143
858 11156
859 11169
860 11182
861 11195
862 11208
863 11221
864 11234
865 11247
866 11260
867 11273
868 11286
869 11299
870 11312
871 11325
872 11338
873 11351
874 11364
875 11377
876 11390
877 11403
878 11416
879 11429
880 11442
881 11455
882 11468
883 11481
884 11494
885 11507
886 11520
887 11533
888 11546
889 11559
890 11572
891 11585
892 11598
893 11611
894 11624
895 11637
896 11650
897 11663
898 11676
899 11689
900 11702
901 11715
902 11728
903 11741
904 11754
905 11767
906 11780
907 11793
908 11806
909 11819
910 11832
911 11845
912 11858
913 11871
914 11884
915 11897
916 11910
917 11923
918 11936
919 11949
920 11962
921 11975
922 11988
923 12001
924 12014
925 12027
926 12040
927 12053
928 12066
929 12079
930 12092
931 12105
932 12118
933 12131
934 12144
935 12157
936 12170
937 12183
938 12196
939 12209
940 12222
941 12235
942 12248
943 12261
944 12274
945 12287
946 12300
947 12313
948 12326
949 12339
950 12352
951 12365
952 12378
953 12391
954 12404
955 12417
956 12430
957 12443
958 12456
959 12469
960 12482
961 12495
962 12508
963 12521
964 12534
965 12547
966 12560
967 12573
968 12586
969 12599
970 12612
971 12625
972 12638
973 12651
974 12664
975 12677
976 12690
977 12703
978 12716
979 12729
980 12742
981 12755
982 12768
983 12781
984 12794
985 12807
986 12820
987 12833
988 12846
989 12859
990 12872
991 12885
992 12898
993 12911
994 12924
995 12937
996 12950
997 12963
998 12976
999 12989
1000 13002