1 1
2 2
3 4
4 8
5 10
6 12
7 16
8 18
9 24
10 26
11 28
12 32
13 36
14 40
15 42
16 52
17 56
18 58
19 60
20 64
21 66
22 80
23 82
24 96
25 98
26 100
27 106
28 108
29 112
30 120
31 124
32 128
33 130
34 136
35 138
36 144
37 148
38 156
39 162
40 168
41 170
42 172
43 176
44 178
45 180
46 184
47 192
48 196
49 200
50 204
51 208
52 210
53 226
54 228
55 240
56 242
57 248
58 250
59 256
60 264
61 268
62 276
63 280
64 282
65 288
66 292
67 296
68 304
69 306
70 312
71 316
72 320
73 324
74 330
75 346
76 348
77 352
78 360
79 362
80 372
81 376
82 378
83 386
84 388
85 392
86 396
87 400
88 408
89 416
90 418
91 420
92 432
93 442
94 448
95 456
96 460
97 466
98 472
99 480
100 488
101 490
102 498
103 504
104 508
105 512
106 520
107 522
108 530
109 532
110 536
111 540
112 544
113 546
114 556
115 562
116 564
117 568
118 570
119 576
120 586
121 592
122 602
123 612
124 616
125 618
126 624
127 626
128 632
129 640
130 642
131 648
132 652
133 658
134 660
135 672
136 676
137 680
138 682
139 684
140 688
141 690
142 700
143 708
144 724
145 728
146 732
147 736
148 738
149 744
150 746
151 752
152 756
153 760
154 768
155 772
156 784
157 786
158 792
159 796
160 808
161 810
162 816
163 820
164 826
165 828
166 840
167 842
168 844
169 848
170 852
171 856
172 858
173 864
174 876
175 882
176 890
177 904
178 906
179 912
180 920
181 924
182 928
183 940
184 946
185 952
186 962
187 970
188 976
189 984
190 992
191 996
192 1008
193 1012
194 1018
195 1020
196 1024
197 1032
198 1040
199 1048
200 1050
201 1060
202 1068
203 1072
204 1082
205 1088
206 1090
207 1092
208 1096
209 1108
210 1116
211 1120
212 1122
213 1128
214 1136
215 1144
216 1152
217 1160
218 1162
219 1170
220 1176
221 1178
222 1180
223 1186
224 1188
225 1192
226 1200
227 1212
228 1216
229 1228
230 1236
231 1248
232 1250
233 1256
234 1258
235 1272
236 1276
237 1282
238 1290
239 1296
240 1300
241 1306
242 1312
243 1320
244 1324
245 1328
246 1330
247 1344
248 1360
249 1368
250 1372
251 1380
252 1384
253 1400
254 1408
255 1416
256 1418
257 1426
258 1428
259 1440
260 1450
261 1452
262 1458
263 1464
264 1466
265 1468
266 1472
267 1480
268 1482
269 1488
270 1492
271 1496
272 1498
273 1516
274 1522
275 1524
276 1528
277 1530
278 1536
279 1538
280 1548
281 1552
282 1564
283 1568
284 1570
285 1576
286 1578
287 1584
288 1592
289 1596
290 1600
291 1610
292 1612
293 1618
294 1620
295 1624
296 1626
297 1636
298 1640
299 1656
300 1666
301 1668
302 1680
303 1688
304 1692
305 1696
306 1698
307 1708
308 1712
309 1722
310 1732
311 1740
312 1744
313 1746
314 1752
315 1760
316 1768
317 1776
318 1780
319 1786
320 1788
321 1792
322 1808
323 1810
324 1848
325 1850
326 1856
327 1860
328 1864
329 1866
330 1872
331 1876
332 1880
333 1884
334 1888
335 1898
336 1900
337 1906
338 1928
339 1930
340 1932
341 1936
342 1944
343 1946
344 1948
345 1960
346 1968
347 1972
348 1976
349 1978
350 1984
351 1986
352 1992
353 1996
354 2002
355 2010
356 2016
357 2026
358 2028
359 2032
360 2040
361 2042
362 2044
363 2048
364 2052
365 2068
366 2072
367 2080
368 2082
369 2098
370 2104
371 2112
372 2128
373 2130
374 2136
375 2140
376 2152
377 2160
378 2172
379 2178
380 2186
381 2196
382 2202
383 2210
384 2212
385 2216
386 2220
387 2236
388 2240
389 2242
390 2248
391 2250
392 2256
393 2258
394 2266
395 2268
396 2272
397 2280
398 2284
399 2292
400 2296
401 2298
402 2304
403 2308
404 2320
405 2332
406 2338
407 2340
408 2346
409 2352
410 2356
411 2360
412 2370
413 2376
414 2380
415 2388
416 2392
417 2404
418 2410
419 2416
420 2432
421 2436
422 2450
423 2458
424 2466
425 2472
426 2476
427 2480
428 2488
429 2496
430 2500
431 2520
432 2524
433 2528
434 2530
435 2536
436 2538
437 2544
438 2546
439 2548
440 2556
441 2560
442 2576
443 2578
444 2604
445 2608
446 2616
447 2620
448 2632
449 2640
450 2648
451 2656
452 2658
453 2664
454 2672
455 2676
456 2682
457 2688
458 2692
459 2698
460 2704
461 2706
462 2712
463 2720
464 2724
465 2728
466 2730
467 2738
468 2740
469 2748
470 2752
471 2760
472 2762
473 2776
474 2784
475 2788
476 2796
477 2800
478 2802
479 2808
480 2818
481 2824
482 2832
483 2836
484 2840
485 2842
486 2844
487 2850
488 2856
489 2860
490 2880
491 2888
492 2896
493 2908
494 2912
495 2916
496 2928
497 2938
498 2952
499 2956
500 2962
501 2964
502 2970
503 2976
504 2978
505 3000
506 3010
507 3018
508 3036
509 3040
510 3048
511 3056
512 3060
513 3064
514 3066
515 3082
516 3088
517 3090
518 3096
519 3098
520 3108
521 3112
522 3120
523 3122
524 3124
525 3136
526 3146
527 3152
528 3160
529 3162
530 3168
531 3180
532 3186
533 3202
534 3208
535 3216
536 3220
537 3228
538 3232
539 3248
540 3250
541 3252
542 3258
543 3264
544 3266
545 3272
546 3276
547 3290
548 3298
549 3300
550 3304
551 3306
552 3312
553 3322
554 3328
555 3330
556 3346
557 3360
558 3362
559 3368
560 3370
561 3372
562 3376
563 3384
564 3388
565 3400
566 3410
567 3412
568 3424
569 3432
570 3444
571 3456
572 3460
573 3466
574 3468
575 3480
576 3482
577 3488
578 3490
579 3496
580 3498
581 3504
582 3512
583 3516
584 3528
585 3530
586 3532
587 3536
588 3538
589 3540
590 3544
591 3546
592 3556
593 3560
594 3568
595 3570
596 3578
597 3580
598 3592
599 3600
600 3612
601 3616
602 3624
603 3636
604 3640
605 3642
606 3658
607 3664
608 3672
609 3676
610 3690
611 3696
612 3700
613 3708
614 3720
615 3724
616 3732
617 3736
618 3738
619 3752
620 3760
621 3768
622 3770
623 3776
624 3778
625 3784
626 3792
627 3796
628 3802
629 3804
630 3808
631 3816
632 3818
633 3820
634 3832
635 3848
636 3850
637 3852
638 3864
639 3872
640 3876
641 3880
642 3888
643 3906
644 3916
645 3920
646 3922
647 3924
648 3928
649 3930
650 3946
651 3952
652 3964
653 3970
654 3972
655 3984
656 3986
657 3988
658 3992
659 4000
660 4002
661 4008
662 4012
663 4018
664 4020
665 4026
666 4032
667 4044
668 4048
669 4050
670 4068
671 4072
672 4090
673 4092
674 4096
675 4098
676 4104
677 4120
678 4128
679 4132
680 4138
681 4140
682 4144
683 4152
684 4156
685 4168
686 4180
687 4202
688 4204
689 4210
690 4216
691 4218
692 4224
693 4228
694 4240
695 4242
696 4252
697 4256
698 4258
699 4260
700 4264
701 4272
702 4280
703 4282
704 4284
705 4288
706 4312
707 4320
708 4322
709 4324
710 4336
711 4338
712 4348
713 4352
714 4356
715 4362
716 4372
717 4376
718 4384
719 4396
720 4400
721 4418
722 4420
723 4440
724 4442
725 4448
726 4450
727 4456
728 4468
729 4480
730 4482
731 4488
732 4490
733 4492
734 4496
735 4506
736 4516
737 4522
738 4524
739 4536
740 4546
741 4548
742 4552
743 4560
744 4568
745 4586
746 4592
747 4596
748 4600
749 4602
750 4608
751 4616
752 4620
753 4624
754 4632
755 4636
756 4642
757 4648
758 4650
759 4656
760 4658
761 4672
762 4690
763 4704
764 4706
765 4712
766 4722
767 4728
768 4730
769 4732
770 4736
771 4764
772 4768
773 4778
774 4786
775 4788
776 4792
777 4800
778 4812
779 4816
780 4832
781 4848
782 4856
783 4860
784 4872
785 4876
786 4880
787 4888
788 4896
789 4900
790 4908
791 4912
792 4922
793 4924
794 4930
795 4932
796 4936
797 4956
798 4968
799 4972
800 4984
801 4986
802 4992
803 5000
804 5002
805 5008
806 5010
807 5016
808 5020
809 5050
810 5056
811 5058
812 5064
813 5066
814 5068
815 5076
816 5096
817 5098
818 5100
819 5104
820 5106
821 5112
822 5124
823 5136
824 5138
825 5146
826 5152
827 5160
828 5168
829 5170
830 5178
831 5188
832 5196
833 5202
834 5226
835 5232
836 5236
837 5240
838 5248
839 5258
840 5260
841 5272
842 5280
843 5282
844 5296
845 5304
846 5308
847 5316
848 5322
849 5330
850 5332
851 5338
852 5344
853 5346
854 5352
855 5360
856 5364
857 5376
858 5378
859 5380
860 5386
861 5392
862 5400
863 5412
864 5416
865 5418
866 5426
867 5432
868 5436
869 5440
870 5442
871 5448
872 5464
873 5472
874 5476
875 5482
876 5488
877 5500
878 5506
879 5512
880 5520
881 5530
882 5544
883 5546
884 5552
885 5556
886 5560
887 5562
888 5568
889 5570
890 5572
891 5580
892 5584
893 5600
894 5616
895 5632
896 5640
897 5642
898 5644
899 5650
900 5652
901 5656
902 5658
903 5668
904 5682
905 5692
906 5696
907 5700
908 5712
909 5716
910 5720
911 5724
912 5740
913 5748
914 5752
915 5776
916 5778
917 5786
918 5792
919 5800
920 5808
921 5812
922 5820
923 5826
924 5832
925 5840
926 5842
927 5848
928 5850
929 5856
930 5860
931 5866
932 5868
933 5880
934 5896
935 5904
936 5906
937 5922
938 5930
939 5936
940 5938
941 5940
942 5944
943 5952
944 5960
945 5976
946 5980
947 5986
948 5988
949 5992
950 6000
951 6004
952 6008
953 6010
954 6016
955 6028
956 6032
957 6036
958 6042
959 6052
960 6064
961 6066
962 6072
963 6080
964 6090
965 6098
966 6100
967 6108
968 6112
969 6120
970 6128
971 6130
972 6132
973 6144
974 6146
975 6160
976 6162
977 6172
978 6184
979 6192
980 6196
981 6202
982 6210
983 6216
984 6218
985 6220
986 6228
987 6244
988 6248
989 6252
990 6256
991 6268
992 6276
993 6280
994 6288
995 6296
996 6298
997 6300
998 6312
999 6316
1000 6322
1001 6328
1002 6336
1003 6372
1004 6378
1005 6384
1006 6388
1007 6392
1008 6396
1009 6400
1010 6420
1011 6426
1012 6436
1013 6448
1014 6450
1015 6456
1016 6468
1017 6472
1018 6480
1019 6490
1020 6504
1021 6520
1022 6528
1023 6536
1024 6546
1025 6560
1026 6562
1027 6564
1028 6568
1029 6570
1030 6576
1031 6580
1032 6592
1033 6604
1034 6608
1035 6616
1036 6618
1037 6624
1038 6632
1039 6636
1040 6640
1041 6648
1042 6650
1043 6652
1044 6658
1045 6660
1046 6672
1047 6688
1048 6690
1049 6696
1050 6700
1051 6708
1052 6722
1053 6724
1054 6728
1055 6732
1056 6736
1057 6752
1058 6760
1059 6762
1060 6772
1061 6776
1062 6778
1063 6780
1064 6786
1065 6792
1066 6800
1067 6802
1068 6808
1069 6816
1070 6826
1071 6828
1072 6832
1073 6840
1074 6842
1075 6844
1076 6858
1077 6864
1078 6868
1079 6882
1080 6888
1081 6892
1082 6896
1083 6898
1084 6904
1085 6906
1086 6916
1087 6924
1088 6928
1089 6946
1090 6948
1091 6960
1092 6962
1093 6970
1094 6976
1095 6996
1096 7000
1097 7008
1098 7012
1099 7016
1100 7018
1101 7026
1102 7032
1103 7040
1104 7042
1105 7056
1106 7068
1107 7072
1108 7082
1109 7084
1110 7092
1111 7108
1112 7112
1113 7120
1114 7128
1115 7138
1116 7144
1117 7168
1118 7176
1119 7178
1120 7186
1121 7192
1122 7200
1123 7210
1124 7212
1125 7218
1126 7228
1127 7232
1128 7236
1129 7240
1130 7242
1131 7248
1132 7252
1133 7260
1134 7264
1135 7282
1136 7288
1137 7296
1138 7298
1139 7306
1140 7308
1141 7320
1142 7324
1143 7330
1144 7332
1145 7344
1146 7348
1147 7352
1148 7360
1149 7368
1150 7376
1151 7392
1152 7396
1153 7400
1154 7410
1155 7416
1156 7418
1157 7420
1158 7432
1159 7442
1160 7450
1161 7456
1162 7458
1163 7464
1164 7466
1165 7476
1166 7480
1167 7488
1168 7490
1169 7498
1170 7506
1171 7512
1172 7516
1173 7522
1174 7536
1175 7540
1176 7546
1177 7548
1178 7560
1179 7572
1180 7576
1181 7584
1182 7586
1183 7588
1184 7592
1185 7600
1186 7602
1187 7610
1188 7616
1189 7620
1190 7624
1191 7640
1192 7642
1193 7648
1194 7668
1195 7672
1196 7680
1197 7684
1198 7690
1199 7696
1200 7698
1201 7708
1202 7716
1203 7722
1204 7728
1205 7730
1206 7736
1207 7740
1208 7744
1209 7756
1210 7788
1211 7792
1212 7800
1213 7816
1214 7824
1215 7828
1216 7840
1217 7852
1218 7866
1219 7872
1220 7876
1221 7882
1222 7896
1223 7900
1224 7906
1225 7922
1226 7924
1227 7932
1228 7936
1229 7946
1230 7948
1231 7960
1232 7962
1233 7968
1234 7970
1235 7976
1236 7984
1237 8008
1238 8010
1239 8016
1240 8018
1241 8032
1242 8048
1243 8052
1244 8058
1245 8064
1246 8068
1247 8076
1248 8080
1249 8088
1250 8092
1251 8096
1252 8100
1253 8104
1254 8106
1255 8116
1256 8120
1257 8122
1258 8124
1259 8128
1260 8146
1261 8160
1262 8162
1263 8170
1264 8178
1265 8184
1266 8192
1267 8200
1268 8208
1269 8216
1270 8218
1271 8220
1272 8232
1273 8236
1274 8242
1275 8268
1276 8272
1277 8282
1278 8284
1279 8288
1280 8290
1281 8292
1282 8296
1283 8316
1284 8320
1285 8328
1286 8344
1287 8352
1288 8356
1289 8362
1290 8368
1291 8376
1292 8386
1293 8388
1294 8404
1295 8408
1296 8416
1297 8418
1298 8428
1299 8442
1300 8456
1301 8460
1302 8464
1303 8466
1304 8472
1305 8488
1306 8496
1307 8498
1308 8500
1309 8512
1310 8520
1311 8522
1312 8528
1313 8536
1314 8538
1315 8544
1316 8552
1317 8562
1318 8570
1319 8572
1320 8580
1321 8592
1322 8596
1323 8608
1324 8626
1325 8628
1326 8640
1327 8642
1328 8656
1329 8664
1330 8666
1331 8668
1332 8676
1333 8680
1334 8688
1335 8692
1336 8698
1337 8704
1338 8706
1339 8724
1340 8730
1341 8736
1342 8738
1343 8740
1344 8746
1345 8752
1346 8776
1347 8778
1348 8800
1349 8802
1350 8816
1351 8818
1352 8820
1353 8836
1354 8844
1355 8848
1356 8860
1357 8866
1358 8872
1359 8880
1360 8888
1361 8892
1362 8904
1363 8912
1364 8920
1365 8922
1366 8928
1367 8932
1368 8936
1369 8940
1370 8944
1371 8956
1372 8962
1373 8970
1374 8986
1375 9000
1376 9010
1377 9012
1378 9028
1379 9032
1380 9040
1381 9042
1382 9048
1383 9056
1384 9058
1385 9066
1386 9072
1387 9076
1388 9088
1389 9090
1390 9096
1391 9108
1392 9112
1393 9132
1394 9136
1395 9146
1396 9156
1397 9160
1398 9168
1399 9170
1400 9172
1401 9180
1402 9186
1403 9192
1404 9200
1405 9202
1406 9208
1407 9216
1408 9220
1409 9226
1410 9240
1411 9248
1412 9256
1413 9272
1414 9276
1415 9280
1416 9282
1417 9290
1418 9292
1419 9296
1420 9304
1421 9312
1422 9322
1423 9324
1424 9328
1425 9336
1426 9338
1427 9340
1428 9348
1429 9368
1430 9370
1431 9376
1432 9384
1433 9388
1434 9396
1435 9402
1436 9408
1437 9412
1438 9418
1439 9420
1440 9424
1441 9432
1442 9436
1443 9440
1444 9448
1445 9458
1446 9460
1447 9466
1448 9472
1449 9480
1450 9488
1451 9490
1452 9496
1453 9504
1454 9520
1455 9528
1456 9532
1457 9538
1458 9546
1459 9560
1460 9576
1461 9586
1462 9592
1463 9600
1464 9608
1465 9612
1466 9616
1467 9618
1468 9628
1469 9642
1470 9648
1471 9660
1472 9664
1473 9676
1474 9684
1475 9688
1476 9696
1477 9712
1478 9720
1479 9724
1480 9732
1481 9738
1482 9744
1483 9746
1484 9748
1485 9752
1486 9760
1487 9776
1488 9780
1489 9786
1490 9800
1491 9802
1492 9804
1493 9810
1494 9816
1495 9818
1496 9828
1497 9832
1498 9840
1499 9850
1500 9856
1501 9858
1502 9864
1503 9872
1504 9882
1505 9892
1506 9896
1507 9900
1508 9906
1509 9920
1510 9922
1511 9924
1512 9928
1513 9930
1514 9936
1515 9940
1516 9948
1517 9952
1518 9964
1519 9968
1520 9972
1521 9976
1522 9984
1523 9992
1524 10008
1525 10036
1526 10040
1527 10042
1528 10048
1529 10060
1530 10066
1531 10068
1532 10088
1533 10090
1534 10092
1535 10098
1536 10106
1537 10112
1538 10120
1539 10130
1540 10132
1541 10138
1542 10140
1543 10144
1544 10162
1545 10168
1546 10176
1547 10180
1548 10192
1549 10200
1550 10202
1551 10204
1552 10210
1553 10224
1554 10232
1555 10242
1556 10248
1557 10252
1558 10258
1559 10264
1560 10266
1561 10272
1562 10288
1563 10300
1564 10308
1565 10312
1566 10320
1567 10330
1568 10332
1569 10336
1570 10344
1571 10356
1572 10360
1573 10368
1574 10392
1575 10400
1576 10416
1577 10426
1578 10428
1579 10432
1580 10440
1581 10442
1582 10448
1583 10452
1584 10456
1585 10458
1586 10466
1587 10472
1588 10476
1589 10496
1590 10498
1591 10500
1592 10512
1593 10516
1594 10524
1595 10528
1596 10530
1597 10538
1598 10552
1599 10560
1600 10564
1601 10586
1602 10588
1603 10592
1604 10596
1605 10600
1606 10610
1607 10612
1608 10616
1609 10626
1610 10640
1611 10644
1612 10650
1613 10666
1614 10672
1615 10680
1616 10682
1617 10684
1618 10690
1619 10696
1620 10704
1621 10706
1622 10708
1623 10712
1624 10722
1625 10728
1626 10732
1627 10736
1628 10738
1629 10752
1630 10764
1631 10770
1632 10776
1633 10780
1634 10788
1635 10792
1636 10816
1637 10836
1638 10840
1639 10848
1640 10852
1641 10858
1642 10860
1643 10864
1644 10866
1645 10872
1646 10882
1647 10888
1648 10890
1649 10908
1650 10920
1651 10922
1652 10928
1653 10932
1654 10938
1655 10948
1656 10956
1657 10972
1658 10976
1659 10978
1660 10984
1661 10986
1662 10992
1663 11002
1664 11008
1665 11018
1666 11026
1667 11028
1668 11040
1669 11056
1670 11058
1671 11064
1672 11068
1673 11072
1674 11082
1675 11088
1676 11092
1677 11104
1678 11116
1679 11130
1680 11140
1681 11148
1682 11152
1683 11160
1684 11170
1685 11172
1686 11184
1687 11196
1688 11208
1689 11212
1690 11216
1691 11242
1692 11244
1693 11250
1694 11258
1695 11260
1696 11272
1697 11280
1698 11284
1699 11298
1700 11312
1701 11316
1702 11320
1703 11328
1704 11330
1705 11336
1706 11344
1707 11352
1708 11356
1709 11362
1710 11368
1711 11392
1712 11400
1713 11408
1714 11410
1715 11412
1716 11424
1717 11436
1718 11442
1719 11448
1720 11450
1721 11456
1722 11464
1723 11466
1724 11482
1725 11484
1726 11488
1727 11490
1728 11496
1729 11498
1730 11512
1731 11524
1732 11536
1733 11538
1734 11544
1735 11546
1736 11548
1737 11552
1738 11560
1739 11578
1740 11580
1741 11586
1742 11592
1743 11596
1744 11616
1745 11618
1746 11620
1747 11632
1748 11664
1749 11676
1750 11680
1751 11688
1752 11698
1753 11700
1754 11704
1755 11716
1756 11720
1757 11722
1758 11728
1759 11730
1760 11760
1761 11762
1762 11764
1763 11768
1764 11776
1765 11778
1766 11784
1767 11788
1768 11792
1769 11812
1770 11820
1771 11826
1772 11832
1773 11840
1774 11858
1775 11860
1776 11866
1777 11880
1778 11884
1779 11896
1780 11904
1781 11908
1782 11912
1783 11922
1784 11932
1785 11938
1786 11940
1787 11944
1788 11952
1789 11960
1790 11968
1791 11970
1792 11978
1793 11980
1794 11986
1795 11992
1796 12000
1797 12008
1798 12010
1799 12012
1800 12016
1801 12024
1802 12026
1803 12036
1804 12042
1805 12056
1806 12066
1807 12080
1808 12082
1809 12096
1810 12100
1811 12106
1812 12108
1813 12112
1814 12136
1815 12146
1816 12148
1817 12152
1818 12156
1819 12160
1820 12162
1821 12168
1822 12184
1823 12196
1824 12202
1825 12208
1826 12210
1827 12216
1828 12226
1829 12232
1830 12240
1831 12250
1832 12252
1833 12268
1834 12272
1835 12276
1836 12280
1837 12288
1838 12296
1839 12300
1840 12316
1841 12322
1842 12328
1843 12330
1844 12346
1845 12352
1846 12372
1847 12376
1848 12378
1849 12384
1850 12388
1851 12400
1852 12412
1853 12416
1854 12420
1855 12432
1856 12436
1857 12448
1858 12450
1859 12458
1860 12472
1861 12490
1862 12496
1863 12504
1864 12506
1865 12516
1866 12520
1867 12538
1868 12540
1869 12546
1870 12552
1871 12568
1872 12576
1873 12588
1874 12600
1875 12604
1876 12608
1877 12610
1878 12612
1879 12618
1880 12624
1881 12632
1882 12636
1883 12650
1884 12652
1885 12656
1886 12658
1887 12688
1888 12696
1889 12712
1890 12720
1891 12724
1892 12728
1893 12738
1894 12744
1895 12756
1896 12762
1897 12768
1898 12770
1899 12776
1900 12780
1901 12784
1902 12792
1903 12804
1904 12808
1905 12818
1906 12820
1907 12828
1908 12832
1909 12842
1910 12848
1911 12852
1912 12880
1913 12888
1914 12892
1915 12898
1916 12906
1917 12912
1918 12916
1919 12922
1920 12938
1921 12940
1922 12946
1923 12952
1924 12960
1925 12968
1926 12972
1927 12976
1928 12978
1929 12996
1930 13000
1931 13002
1932 13008
1933 13016
1934 13024
1935 13032
1936 13036
1937 13042
1938 13056
1939 13058
1940 13084
1941 13088
1942 13092
1943 13098
1944 13104
1945 13108
1946 13120
1947 13122
1948 13128
1949 13130
1950 13146
1951 13162
1952 13164
1953 13168
1954 13170
1955 13176
1956 13186
1957 13200
1958 13202
1959 13216
1960 13218
1961 13228
1962 13240
1963 13248
1964 13252
1965 13256
1966 13258
1967 13266
1968 13272
1969 13290
1970 13296
1971 13308
1972 13312
1973 13324
1974 13328
1975 13330
1976 13338
1977 13346
1978 13352
1979 13368
1980 13370
1981 13380
1982 13384
1983 13392
1984 13396
1985 13410
1986 13420
1987 13440
1988 13448
1989 13450
1990 13456
1991 13464
1992 13466
1993 13468
1994 13472
1995 13476
1996 13490
1997 13498
1998 13512
1999 13520
2000 13522
